"date","hospital_name","hospital_id","covid19_patients_confirmed_tota","beds_total","beds_total_occupied","beds_total_vacant","beds_rits","beds_rits_occupied","beds_rits_vacant","beds_with_o2","beds_with_o2_occupied","beds_with_o2_vacant","beds_without_o2","beds_without_o2_occupied","beds_without_o2_vacant","ventilated_beds","ventilated_beds_occupied","ventilated_beds_vacant","beds_total_occupied_percent","beds_rits_occupied_percent","beds_with_o2_occupied_percent","beds_without_o2_occupied_percen","ventilated_beds_occupied_percen","cv19_hospital_beds_total","cv19_hospital_beds_occupied","cv19_rits_beds_total","cv19_rits_beds_occupied","cv19_dpv_beds_total","cv19_dpv_beds_occupied","cv19_o2_beds_total","cv19_o2_beds_occupied","object_id"
2021-01-17,"visos ligoninės","00",13,558,425,133,3,1,2,3,1,2,550,423,127,2,0,2,76.1648745519713,33.3333333333333,33.3333333333333,76.9090909090909,0,NA,13,NA,0,NA,NA,NA,0,6
2021-01-17,"VšĮ Rokiškio psichiatrijos ligoninė","421",8,440,355,85,0,0,0,0,0,0,440,355,85,0,0,0,80.6818181818182,NA,NA,80.6818181818182,NA,NA,8,NA,0,NA,NA,NA,0,28
2021-01-17,"VšĮ Šalčininkų rajono savivaldybės ligoninė","490",5,118,70,48,3,1,2,3,1,2,110,68,42,2,0,2,59.3220338983051,33.3333333333333,33.3333333333333,61.8181818181818,0,NA,5,NA,0,NA,NA,NA,0,19
2021-01-18,"visos ligoninės","00",0,140,62,78,0,0,0,0,0,0,140,62,78,0,0,0,44.2857142857143,NA,NA,44.2857142857143,NA,0,0,0,0,0,0,0,0,2
2021-01-18,"VšĮ Vilniaus miesto psichikos sveikatos centras","351",0,140,62,78,0,0,0,0,0,0,140,62,78,0,0,0,44.2857142857143,NA,NA,44.2857142857143,NA,0,0,0,0,0,0,0,0,36
2021-01-21,"visos ligoninės","00",14,92,44,48,3,0,3,20,8,12,65,36,29,4,0,4,47.8260869565217,0,40,55.3846153846154,0,26,14,0,0,0,0,20,8,5
2021-01-21,"VšĮ Molėtų ligoninė","287",14,92,44,48,3,0,3,20,8,12,65,36,29,4,0,4,47.8260869565217,0,40,55.3846153846154,0,26,14,0,0,0,0,20,8,22
2021-01-22,"visos ligoninės","00",0,62,21,41,3,0,3,5,0,5,51,21,30,3,0,3,33.8709677419355,0,0,41.1764705882353,0,0,0,0,0,0,0,0,0,3
2021-01-22,"VšĮ Lazdijų ligoninė","573",0,62,21,41,3,0,3,5,0,5,51,21,30,3,0,3,33.8709677419355,0,0,41.1764705882353,0,0,0,0,0,0,0,0,0,34
2021-01-25,"visos ligoninės","00",1407,12029,6452,5577,733,409,324,6539,2501,4038,4018,3331,687,739,211,528,53.6370438107906,55.7980900409277,38.2474384462456,82.9019412643106,28.5520974289581,2430,1407,276,173,37,8,2118,1054,1
2021-01-25,"VšĮ Elektrėnų ligoninė","103",0,88,45,43,6,0,6,1,0,1,75,45,30,6,0,6,51.1363636363636,0,0,60,0,0,0,0,0,0,0,0,0,7
2021-01-25,"VšĮ Lietuvos sveikatos mokslų universiteto Kauno ligoninė","10314",178,807,423,384,34,13,21,364,161,203,378,244,134,31,5,26,52.4163568773234,38.2352941176471,44.2307692307692,64.5502645502645,16.1290322580645,215,178,18,9,0,0,190,103,51
2021-01-25,"VšĮ Trakų ligoninė","160",25,108,55,53,5,2,3,81,23,58,17,30,-13,5,0,5,50.9259259259259,40,28.3950617283951,176.470588235294,0,25,25,0,0,0,0,25,20,21
2021-01-25,"Lietuvos sveikatos mokslų universiteto ligoninė Kauno klinikos ","26",41,1605,877,728,101,70,31,1162,118,1044,241,655,-414,101,34,67,54.6417445482866,69.3069306930693,10.1549053356282,271.784232365145,33.6633663366337,58,41,28,23,0,0,30,15,9
2021-01-25,"VšĮ Utenos ligoninė","339",27,195,84,111,6,4,2,183,84,99,-6,-4,-2,12,0,12,43.0769230769231,66.6666666666667,45.9016393442623,66.6666666666667,0,45,27,0,0,0,0,45,21,52
2021-01-25,"Nacionalinis vėžio institutas","353",2,307,140,167,12,6,6,139,104,35,144,24,120,12,6,6,45.6026058631922,50,74.8201438848921,16.6666666666667,50,5,2,1,1,0,0,5,1,64
2021-01-25,"VšĮ Respublikinė Vilniaus psichiatrinė ligoninė","355",32,420,242,178,6,2,4,10,3,7,401,237,164,3,0,3,57.6190476190476,33.3333333333333,30,59.1022443890274,0,44,32,3,1,3,0,7,3,53
2021-01-25,"VšĮ Vilniaus universiteto ligoninės Žalgirio klinika","359",0,58,21,37,6,2,4,6,2,4,43,17,26,3,0,3,36.2068965517241,33.3333333333333,33.3333333333333,39.5348837209302,0,0,0,0,0,0,0,0,0,23
2021-01-25,"VšĮ Mykolo Marcinkevičiaus ligoninė","362",0,85,79,6,8,5,3,35,7,28,34,64,-30,8,3,5,92.9411764705882,62.5,20,188.235294117647,37.5,0,0,0,0,0,0,0,0,54
2021-01-25,"VšĮ Respublikinė Vilniaus universitetinė ligoninė","363",31,618,306,312,38,19,19,305,117,188,237,158,79,38,12,26,49.5145631067961,50,38.3606557377049,66.6666666666667,31.5789473684211,103,31,16,7,0,0,65,21,10
2021-01-25,"VšĮ Vilniaus miesto klinikinė ligoninė","364",149,592,194,398,23,9,14,415,129,286,116,54,62,38,2,36,32.7702702702703,39.1304347826087,31.0843373493976,46.551724137931,5.26315789473684,306,149,12,7,0,0,306,128,24
2021-01-25,"VšĮ Vilniaus gimdymo namai","368",0,108,36,72,9,3,6,28,1,27,69,32,37,2,0,2,33.3333333333333,33.3333333333333,3.57142857142857,46.3768115942029,0,0,0,0,0,0,0,0,0,65
2021-01-25,"VšĮ Visagino ligoninė","377",11,118,40,78,5,1,4,18,18,0,88,21,67,7,0,7,33.8983050847458,20,100,23.8636363636364,0,25,11,2,0,1,0,12,9,11
2021-01-25,"VšĮ N.Akmenės ligoninė","385",0,28,15,13,0,0,0,2,0,2,26,15,11,0,0,0,53.5714285714286,NA,0,57.6923076923077,NA,0,0,0,0,0,0,0,0,12
2021-01-25,"VšĮ Radviliškio ligoninė","386",12,67,43,24,3,1,2,39,9,30,22,32,-10,3,1,2,64.1791044776119,33.3333333333333,23.0769230769231,145.454545454545,33.3333333333333,24,12,2,0,0,0,16,4,55
2021-01-25,"VšĮ Pakruojo ligoninė","387",0,31,7,24,1,0,1,0,0,0,30,7,23,0,0,0,22.5806451612903,0,NA,23.3333333333333,NA,0,0,0,0,0,0,0,0,37
2021-01-25,"VšĮ Joniškio ligoninė","388",10,60,32,28,4,2,2,45,16,29,7,14,-7,4,0,4,53.3333333333333,50,35.5555555555556,200,0,16,10,0,0,0,0,16,10,38
2021-01-25,"VšĮ Kelmės ligoninė","389",13,82,14,68,4,1,3,23,6,17,51,6,45,4,1,3,17.0731707317073,25,26.0869565217391,11.7647058823529,25,15,13,0,0,0,0,15,6,25
2021-01-25,"VšĮ Respublikinė Šiaulių ligoninė ","391",66,701,300,401,53,35,18,591,229,362,4,23,-19,53,13,40,42.7960057061341,66.0377358490566,38.7478849407783,575,24.5283018867925,108,66,30,19,0,0,93,66,56
2021-01-25,"VšĮ Prienų ligoninė","408",21,59,42,17,4,2,2,53,40,13,-2,0,-2,4,0,4,71.1864406779661,50,75.4716981132076,0,0,27,21,2,1,2,0,24,20,26
2021-01-25,"VšĮ Kėdainių ligoninė","409",18,249,113,136,8,4,4,78,22,56,155,83,72,8,4,4,45.3815261044177,50,28.2051282051282,53.5483870967742,50,45,18,2,2,0,0,45,9,57
2021-01-25,"VšĮ Raseinių ligoninė","410",0,79,59,20,3,2,1,45,8,37,28,49,-21,3,0,3,74.6835443037975,66.6666666666667,17.7777777777778,175,0,0,0,0,0,0,0,0,0,27
2021-01-25,"VšĮ Kaišiadorių ligoninė","411",0,130,78,52,4,0,4,29,8,21,93,70,23,4,0,4,60,0,27.5862068965517,75.2688172043011,0,10,0,0,0,0,0,10,0,58
2021-01-25,"VšĮ Jonavos ligoninė","413",14,102,80,22,7,1,6,30,13,17,58,65,-7,7,1,6,78.4313725490196,14.2857142857143,43.3333333333333,112.068965517241,14.2857142857143,25,14,2,1,2,1,25,10,13
2021-01-25,"VšĮ Kupiškio ligoninė","419",6,41,16,25,3,2,1,28,1,27,6,13,-7,4,0,4,39.0243902439024,66.6666666666667,3.57142857142857,216.666666666667,0,14,6,1,0,1,0,14,1,39
2021-01-25,"VšĮ Rokiškio rajono ligoninė","420",22,94,56,38,5,4,1,50,20,30,34,31,3,5,1,4,59.5744680851064,80,40,91.1764705882353,20,36,22,3,1,1,0,29,13,59
2021-01-25,"VšĮ Biržų ligoninė","422",8,131,57,74,4,3,1,19,9,10,102,43,59,6,2,4,43.5114503816794,75,47.3684210526316,42.156862745098,33.3333333333333,15,8,0,0,0,0,15,8,40
2021-01-25,"VšĮ Pasvalio ligoninė","423",6,67,51,16,3,3,0,48,18,30,13,30,-17,3,0,3,76.1194029850746,100,37.5,230.769230769231,0,23,6,0,0,0,0,14,6,29
2021-01-25,"VšĮ Respublikinė Panevėžio ligoninė ","424",62,712,378,334,47,32,15,366,205,161,252,109,143,47,32,15,53.0898876404494,68.0851063829787,56.0109289617486,43.2539682539683,68.0851063829787,170,62,14,11,0,0,149,55,41
2021-01-25,"VšĮ Vilkaviškio ligoninė","428",12,95,55,40,5,1,4,40,12,28,45,41,4,5,1,4,57.8947368421053,20,30,91.1111111111111,20,12,12,1,0,0,0,12,8,42
2021-01-25,"Šakių ligoninė","429",0,55,25,30,3,1,2,15,4,11,35,20,15,2,0,2,45.4545454545455,33.3333333333333,26.6666666666667,57.1428571428571,0,0,0,0,0,0,0,0,0,14
2021-01-25,"Marijampolės ligoninė","430",48,200,103,97,15,11,4,137,47,90,34,40,-6,14,5,9,51.5,73.3333333333333,34.3065693430657,117.647058823529,35.7142857142857,70,48,6,3,1,0,70,47,15
2021-01-25,"VšĮ Plungės rajono savivaldybės ligoninė","441",29,94,52,42,3,2,1,42,23,19,46,25,21,3,2,1,55.3191489361702,66.6666666666667,54.7619047619048,54.3478260869565,66.6666666666667,32,29,2,0,0,0,24,16,30
2021-01-25,"VšĮ Mažeikių ligoninė","442",34,150,75,75,9,5,4,86,31,55,46,37,9,9,2,7,50,55.5555555555556,36.046511627907,80.4347826086957,22.2222222222222,54,34,3,3,0,0,50,28,43
2021-01-25,"VšĮ Regioninė Telšių  ligoninė","443",18,103,72,31,7,5,2,82,52,30,7,13,-6,7,2,5,69.9029126213592,71.4285714285714,63.4146341463415,185.714285714286,28.5714285714286,26,18,3,3,0,0,26,18,31
2021-01-25,"Kretingos rajono savivaldybės VšĮ Kretingos ligoninė","447",39,95,45,50,6,1,5,44,31,13,42,12,30,3,1,2,47.3684210526316,16.6666666666667,70.4545454545455,28.5714285714286,33.3333333333333,60,39,4,1,0,0,38,28,44
2021-01-25,"Klaipėdos rajono savivaldybės Gargždų ligoninė","448",7,43,15,28,0,0,0,16,7,9,25,8,17,2,0,2,34.8837209302326,NA,43.75,32,0,25,7,0,0,2,0,10,4,45
2021-01-25,"VšĮ Šilutės ligoninė","449",24,82,24,58,8,2,6,60,22,38,7,0,7,7,0,7,29.2682926829268,25,36.6666666666667,0,0,45,24,2,2,4,0,35,22,16
2021-01-25,"VšĮ Klaipėdos universitetinė ligoninė","450",57,830,374,456,49,36,13,412,105,307,320,205,115,49,28,21,45.0602409638554,73.469387755102,25.4854368932039,64.0625,57.1428571428571,120,57,24,20,0,0,120,57,17
2021-01-25,"VšĮ Respublikinė Klaipėdos ligoninė ","451",47,356,316,40,17,8,9,85,45,40,242,256,-14,12,7,5,88.7640449438202,47.0588235294118,52.9411764705882,105.785123966942,58.3333333333333,80,47,8,6,11,7,80,38,46
2021-01-25,"VšĮ Klaipėdos Jūrininkų ligoninė ","452",32,237,181,56,23,10,13,194,167,27,-3,-2,-1,23,6,17,76.3713080168776,43.4782608695652,86.0824742268041,66.6666666666667,26.0869565217391,55,32,8,3,0,0,45,18,18
2021-01-25,"VšĮ Klaipėdos vaikų ligoninė","453",2,152,73,79,6,1,5,58,2,56,78,70,8,10,0,10,48.0263157894737,16.6666666666667,3.44827586206897,89.7435897435898,0,40,2,6,0,4,0,40,2,32
2021-01-25,"VšĮ Šilalės rajono ligoninė","459",4,63,10,53,3,0,3,40,10,30,18,0,18,2,0,2,15.8730158730159,0,25,0,0,26,4,2,0,0,0,26,4,33
2021-01-25,"VšĮ Jurbarko ligoninė","460",22,73,24,49,4,0,4,40,18,22,25,6,19,4,0,4,32.8767123287671,0,45,24,0,40,22,4,0,0,0,40,18,66
2021-01-25,"Lietuvos Respublikos vidaus reikalų ministerijos Medicinos centras","463",4,30,20,10,1,1,0,13,8,5,15,11,4,1,0,1,66.6666666666667,100,61.5384615384615,73.3333333333333,0,10,4,0,0,0,0,10,4,60
2021-01-25,"VšĮ Ignalinos rajono ligoninė","467",6,36,15,21,4,1,3,18,8,10,13,6,7,1,0,1,41.6666666666667,25,44.4444444444444,46.1538461538462,0,10,6,0,0,0,0,4,4,47
2021-01-25,"Zarasų rajono savivaldybės VšĮ Zarasų ligoninė","468",3,32,12,20,3,1,2,9,4,5,18,7,11,2,0,2,37.5,33.3333333333333,44.4444444444444,38.8888888888889,0,15,3,0,0,1,0,5,2,48
2021-01-25,"VšĮ Anykščių rajono savivaldybės ligoninė","469",20,93,45,48,6,3,3,16,4,12,65,38,27,6,0,6,48.3870967741936,50,25,58.4615384615385,0,24,20,0,0,0,0,3,3,61
2021-01-25,"VšĮ Druskininkų ligoninė","483",15,130,51,79,3,1,2,75,23,52,45,26,19,7,1,6,39.2307692307692,33.3333333333333,30.6666666666667,57.7777777777778,14.2857142857143,30,15,0,0,1,0,30,13,49
2021-01-25,"VšĮ Ukmergės ligoninė","489",17,89,32,57,7,4,3,74,12,62,1,16,-15,7,0,7,35.9550561797753,57.1428571428571,16.2162162162162,1600,0,28,17,4,3,0,0,28,12,62
2021-01-25,"VšĮ Alytaus apskrities S.Kudirkos ligoninė","510",45,170,86,84,13,5,8,170,45,125,-26,36,-62,13,0,13,50.5882352941176,38.4615384615385,26.4705882352941,-138.461538461538,0,70,45,6,2,0,0,70,45,63
2021-01-25,"VšĮ Varėnos ligoninė","513",0,101,72,29,3,0,3,16,5,11,79,67,12,3,0,3,71.2871287128713,0,31.25,84.8101265822785,0,0,0,0,0,0,0,0,0,20
2021-01-25,"Švenčionių rajono ligoninė","613",14,73,38,35,3,1,2,59,32,27,5,4,1,6,1,5,52.0547945205479,33.3333333333333,54.2372881355932,80,16.6666666666667,27,14,0,0,3,0,25,14,50
2021-01-25,"VšĮ Vilniaus universiteto ligoninės Santaros klinikos","99",154,905,754,151,120,81,39,545,413,132,120,222,-102,120,38,82,83.3149171270718,67.5,75.7798165137615,185,31.6666666666667,177,154,57,44,0,0,177,120,35
2021-01-26,"visos ligoninės","00",40,197,105,92,12,3,9,78,31,47,95,69,26,12,2,10,53.2994923857868,25,39.7435897435897,72.6315789473684,16.6666666666667,50,40,6,0,6,0,50,28,4
2021-01-26,"VšĮ Tauragės ligoninė","259",40,197,105,92,12,3,9,78,31,47,95,69,26,12,2,10,53.2994923857868,25,39.7435897435897,72.6315789473684,16.6666666666667,50,40,6,0,6,0,50,28,8
